  0.0571041961  0.06546699455602246
  0.2768430136  0.05021012321401679
  0.5835904324  0.02891208422223085
  0.8602401357  0.009703785123906346
  0.0571041961  0.3111645522491480    
  0.2768430136  0.2386486597440242    
  0.5835904324  0.1374191041243166    
  0.8602401357  0.04612207989200404
  0.0571041961  0.6317312516508520    
  0.2768430136  0.4845083266559759    
  0.5835904324  0.2789904634756834    
  0.8602401357  0.09363778440799593
  0.0571041961  0.8774288093439775    
  0.2768430136  0.6729468631859832    
  0.5835904324  0.3874974833777692    
  0.8602401357  0.1300560791760936    
