    0.9553660447100000        0.8862103848242247E-03
    0.9553660447100000        0.4537789678039195E-02
    0.9553660447100000        0.1058868260117431E-01
    0.9553660447100000        0.1822327082910602E-01
    0.9553660447100000        0.2641068446089399E-01
    0.9553660447100000        0.3404527268882569E-01
    0.9553660447100000        0.4009616561196080E-01
    0.9553660447100000        0.4374774490517578E-01
    0.8556337429600001        0.2866402391985981E-02
    0.8556337429600001        0.1467724979327651E-01
    0.8556337429600001        0.3424855503358430E-01
    0.8556337429600001        0.5894224214571626E-01
    0.8556337429600001        0.8542401489428375E-01
    0.8556337429600001        0.1101177020064157    
    0.8556337429600001        0.1296890072467235    
    0.8556337429600001        0.1414998546480140    
    0.7131752428600000        0.5694926133044352E-02
    0.7131752428600000        0.2916054411712861E-01
    0.7131752428600000        0.6804452564827500E-01
    0.7131752428600000        0.1171055801775613    
    0.7131752428600000        0.1697191769624387    
    0.7131752428600000        0.2187802314917250    
    0.7131752428600000        0.2576642130228714    
    0.7131752428600000        0.2811298310069557    
    0.5451866848000000        0.9030351006711630E-02
    0.5451866848000000        0.4623939674940125E-01
    0.5451866848000000        0.1078970888004545    
    0.5451866848000000        0.1856923986620134    
    0.5451866848000000        0.2691209165379867    
    0.5451866848000000        0.3469162263995455    
    0.5451866848000000        0.4085739184505988    
    0.5451866848000000        0.4457829641932884    
    0.3719321645800000        0.1247033193690498E-01
    0.3719321645800000        0.6385362269957356E-01
    0.3719321645800000        0.1489989161403976    
    0.3719321645800000        0.2564292182833579    
    0.3719321645800000        0.3716386171366422    
    0.3719321645800000        0.4790689192796024    
    0.3719321645800000        0.5642142127204264    
    0.3719321645800000        0.6155975034830951    
    0.2143084794000000        0.1559996151584746E-01
    0.2143084794000000        0.7987871227492103E-01
    0.2143084794000000        0.1863925811641285    
    0.2143084794000000        0.3207842387034378    
    0.2143084794000000        0.4649072818965623    
    0.2143084794000000        0.5992989394358715    
    0.2143084794000000        0.7058128083250790    
    0.2143084794000000        0.7700915590841526    
    0.9132360790000005E-01    0.1804183496379599E-01
    0.9132360790000005E-01    0.9238218584838476E-01
    0.9132360790000005E-01    0.2155687489628060    
    0.9132360790000005E-01    0.3709968314854498    
    0.9132360790000005E-01    0.5376795606145502    
    0.9132360790000005E-01    0.6931076431371940    
    0.9132360790000005E-01    0.8162942062516152    
    0.9132360790000005E-01    0.8906345571362040    
    0.1777991514999999E-01    0.1950205026019779E-01
    0.1777991514999999E-01    0.9985913490381848E-01
    0.1777991514999999E-01    0.2330157982952792    
    0.1777991514999999E-01    0.4010234473667467    
    0.1777991514999999E-01    0.5811966374832533    
    0.1777991514999999E-01    0.7492042865547208    
    0.1777991514999999E-01    0.8823609499461815    
    0.1777991514999999E-01    0.9627180345898023    
