  0.051739766065744133555179145422
  0.008007799555564801597804123460
  0.008007799555564801597804123460
  0.008007799555564801597804123460
  0.046868898981821644823226732071
  0.046868898981821644823226732071
  0.046868898981821644823226732071
  0.046590940183976487960361770070
  0.046590940183976487960361770070
  0.046590940183976487960361770070
  0.031016943313796381407646220131
  0.031016943313796381407646220131
  0.031016943313796381407646220131
  0.010791612736631273623178240136
  0.010791612736631273623178240136
  0.010791612736631273623178240136
  0.032195534242431618819414482205
  0.032195534242431618819414482205
  0.032195534242431618819414482205
  0.015445834210701583817692900053
  0.015445834210701583817692900053
  0.015445834210701583817692900053
  0.015445834210701583817692900053
  0.015445834210701583817692900053
  0.015445834210701583817692900053
  0.017822989923178661888748319485
  0.017822989923178661888748319485
  0.017822989923178661888748319485
  0.017822989923178661888748319485
  0.017822989923178661888748319485
  0.017822989923178661888748319485
  0.037038683681384627918546472190
  0.037038683681384627918546472190
  0.037038683681384627918546472190
  0.037038683681384627918546472190
  0.037038683681384627918546472190
  0.037038683681384627918546472190
