  0.333333333333333333333333333333  0.333333333333333333333333333333
  0.950275662924105565450352089520  0.024862168537947217274823955239
  0.024862168537947217274823955239  0.950275662924105565450352089520
  0.024862168537947217274823955239  0.024862168537947217274823955239
  0.171614914923835347556304795551  0.414192542538082326221847602214
  0.414192542538082326221847602214  0.171614914923835347556304795551
  0.414192542538082326221847602214  0.414192542538082326221847602214
  0.539412243677190440263092985511  0.230293878161404779868453507244
  0.230293878161404779868453507244  0.539412243677190440263092985511
  0.230293878161404779868453507244  0.230293878161404779868453507244
  0.772160036676532561750285570113  0.113919981661733719124857214943
  0.113919981661733719124857214943  0.772160036676532561750285570113
  0.113919981661733719124857214943  0.113919981661733719124857214943
  0.009085399949835353883572964740  0.495457300025082323058213517632
  0.495457300025082323058213517632  0.009085399949835353883572964740
  0.495457300025082323058213517632  0.495457300025082323058213517632
  0.062277290305886993497083640527  0.468861354847056503251458179727
  0.468861354847056503251458179727  0.062277290305886993497083640527
  0.468861354847056503251458179727  0.468861354847056503251458179727
  0.022076289653624405142446876931  0.851306504174348550389457672223
  0.022076289653624405142446876931  0.126617206172027096933163647918
  0.851306504174348550389457672223  0.022076289653624405142446876931
  0.851306504174348550389457672223  0.126617206172027096933163647918
  0.126617206172027096933163647918  0.022076289653624405142446876931
  0.126617206172027096933163647918  0.851306504174348550389457672223
  0.018620522802520968955913511549  0.689441970728591295496647976487
  0.018620522802520968955913511549  0.291937506468887771754472382212
  0.689441970728591295496647976487  0.018620522802520968955913511549
  0.689441970728591295496647976487  0.291937506468887771754472382212
  0.291937506468887771754472382212  0.018620522802520968955913511549
  0.291937506468887771754472382212  0.689441970728591295496647976487
  0.096506481292159228736516560903  0.635867859433872768286976979827
  0.096506481292159228736516560903  0.267625659273967961282458816185
  0.635867859433872768286976979827  0.096506481292159228736516560903
  0.635867859433872768286976979827  0.267625659273967961282458816185
  0.267625659273967961282458816185  0.096506481292159228736516560903
  0.267625659273967961282458816185  0.635867859433872768286976979827
